524,5
524,4
524,3
524,2
524,1
524,0
523,4
523,3
523,2
523,1
523,0
522,3
522,2
522,1
522,0
521,9
521,8
521,7
521,6
521,5
521,4
521,3
521,2
521,1
521,0
520,9
520,8
520,7
520,6
520,5
520,4
520,3
520,2
520,1
520,0
519,8
519,7
519,6
519,5
519,4
519,3
519,2
519,1
519,0
518,7
518,6
518,5
518,4
518,3
518,2
518,1
518,0
517,6
517,5
517,4
517,3
517,2
517,1
517,0
516,5
516,4
516,3
516,2
516,1
516,0
515,4
515,3
515,2
515,1
515,0
514,3
514,2
514,1
514,0
513,3
513,2
513,1
513,0
512,3
512,2
512,1
512,0
511,3
511,2
511,1
511,0
510,3
510,2
510,1
510,0
509,3
509,2
509,1
509,0
508,3
508,2
508,1
508,0
507,3
507,2
507,1
507,0
506,5
506,4
506,3
506,2
506,1
506,0
505,4
505,3
505,2
505,1
505,0
504,4
504,3
504,2
504,1
504,0
503,4
503,3
503,2
503,1
503,0
502,5
502,4
502,3
502,2
502,1
502,0
501,4
501,3
501,2
501,1
501,0
500,3
500,2
500,1
500,0
499,9
499,8
499,7
499,6
499,5
499,4
499,3
499,2
499,1
499,0
498,9
498,8
498,7
498,6
498,5
498,4
498,3
498,2
498,1
498,0
497,8
497,7
497,6
497,5
497,4
497,3
497,2
497,1
497,0
496,7
496,6
496,5
496,4
496,3
496,2
496,1
496,0
495,6
495,5
495,4
495,3
495,2
495,1
495,0
494,5
494,4
494,3
494,2
494,1
494,0
493,4
493,3
493,2
493,1
493,0
492,3
492,2
492,1
492,0
491,3
491,2
491,1
491,0
490,3
490,2
490,1
490,0
489,3
489,2
489,1
489,0
488,3
488,2
488,1
488,0
487,3
487,2
487,1
487,0
486,3
486,2
486,1
486,0
485,3
485,2
485,1
485,0
484,5
484,4
484,3
484,2
484,1
484,0
483,4
483,3
483,2
483,1
483,0
482,4
482,3
482,2
482,1
482,0
481,4
481,3
481,2
481,1
481,0
480,5
480,4
480,3
480,2
480,1
480,0
479,4
479,3
479,2
479,1
479,0
478,3
478,2
478,1
478,0
477,9
477,8
477,7
477,6
477,5
477,4
477,3
477,2
477,1
477,0
476,9
476,8
476,7
476,6
476,5
476,4
476,3
476,2
476,1
476,0
475,8
475,7
475,6
475,5
475,4
475,3
475,2
475,1
475,0
474,7
474,6
474,5
474,4
474,3
474,2
474,1
474,0
473,6
473,5
473,4
473,3
473,2
473,1
473,0
472,5
472,4
472,3
472,2
472,1
472,0
471,4
471,3
471,2
471,1
471,0
470,3
470,2
470,1
470,0
469,3
469,2
469,1
469,0
468,3
468,2
468,1
468,0
467,3
467,2
467,1
467,0
466,3
466,2
466,1
466,0
465,3
465,2
465,1
465,0
464,3
464,2
464,1
464,0
463,3
463,2
463,1
463,0
462,5
462,4
462,3
462,2
462,1
462,0
461,4
461,3
461,2
461,1
461,0
460,4
460,3
460,2
460,1
460,0
459,4
459,3
459,2
459,1
459,0
458,5
458,4
458,3
458,2
458,1
458,0
457,4
457,3
457,2
457,1
457,0
456,3
456,2
456,1
456,0
455,9
455,8
455,7
455,6
455,5
455,4
455,3
455,2
455,1
455,0
454,9
454,8
454,7
454,6
454,5
454,4
454,3
454,2
454,1
454,0
453,8
453,7
453,6
453,5
453,4
453,3
453,2
453,1
453,0
452,7
452,6
452,5
452,4
452,3
452,2
452,1
452,0
451,6
451,5
451,4
451,3
451,2
451,1
451,0
450,5
450,4
450,3
450,2
450,1
450,0
449,4
449,3
449,2
449,1
449,0
448,3
448,2
448,1
448,0
447,3
447,2
447,1
447,0
446,3
446,2
446,1
446,0
445,3
445,2
445,1
445,0
444,3
444,2
444,1
444,0
443,3
443,2
443,1
443,0
442,3
442,2
442,1
442,0
441,3
441,2
441,1
441,0
440,5
440,4
440,3
440,2
440,1
440,0
439,4
439,3
439,2
439,1
439,0
438,4
438,3
438,2
438,1
438,0
437,4
437,3
437,2
437,1
437,0
436,5
436,4
436,3
436,2
436,1
436,0
435,4
435,3
435,2
435,1
435,0
434,3
434,2
434,1
434,0
433,9
433,8
433,7
433,6
433,5
433,4
433,3
433,2
433,1
433,0
432,9
432,8
432,7
432,6
432,5
432,4
432,3
432,2
432,1
432,0
431,8
431,7
431,6
431,5
431,4
431,3
431,2
431,1
431,0
430,7
430,6
430,5
430,4
430,3
430,2
430,1
430,0
429,6
429,5
429,4
429,3
429,2
429,1
429,0
428,5
428,4
428,3
428,2
428,1
428,0
427,4
427,3
427,2
427,1
427,0
426,3
426,2
426,1
426,0
425,3
425,2
425,1
425,0
424,3
424,2
424,1
424,0
423,3
423,2
423,1
423,0
422,3
422,2
422,1
422,0
421,3
421,2
421,1
421,0
420,3
420,2
420,1
420,0
419,3
419,2
419,1
419,0
418,5
418,4
418,3
418,2
418,1
418,0
417,4
417,3
417,2
417,1
417,0
416,4
416,3
416,2
416,1
416,0
415,4
415,3
415,2
415,1
415,0
414,5
414,4
414,3
414,2
414,1
414,0
413,4
413,3
413,2
413,1
413,0
412,3
412,2
412,1
412,0
411,9
411,8
411,7
411,6
411,5
411,4
411,3
411,2
411,1
411,0
410,9
410,8
410,7
410,6
410,5
410,4
410,3
410,2
410,1
410,0
409,8
409,7
409,6
409,5
409,4
409,3
409,2
409,1
409,0
408,7
408,6
408,5
408,4
408,3
408,2
408,1
408,0
407,6
407,5
407,4
407,3
407,2
407,1
407,0
406,5
406,4
406,3
406,2
406,1
406,0
405,4
405,3
405,2
405,1
405,0
404,3
404,2
404,1
404,0
403,3
403,2
403,1
403,0
402,3
402,2
402,1
402,0
401,3
401,2
401,1
401,0
400,3
400,2
400,1
400,0
399,3
399,2
399,1
399,0
398,3
398,2
398,1
398,0
397,3
397,2
397,1
397,0
396,5
396,4
396,3
396,2
396,1
396,0
395,4
395,3
395,2
395,1
395,0
394,4
394,3
394,2
394,1
394,0
393,4
393,3
393,2
393,1
393,0
392,5
392,4
392,3
392,2
392,1
392,0
391,4
391,3
391,2
391,1
391,0
390,3
390,2
390,1
390,0
389,9
389,8
389,7
389,6
389,5
389,4
389,3
389,2
389,1
389,0
388,9
388,8
388,7
388,6
388,5
388,4
388,3
388,2
388,1
388,0
387,8
387,7
387,6
387,5
387,4
387,3
387,2
387,1
387,0
386,7
386,6
386,5
386,4
386,3
386,2
386,1
386,0
385,6
385,5
385,4
385,3
385,2
385,1
385,0
384,5
384,4
384,3
384,2
384,1
384,0
383,4
383,3
383,2
383,1
383,0
382,3
382,2
382,1
382,0
381,3
381,2
381,1
381,0
380,3
380,2
